mAP: 0.3962
mAP per IoU
:	mAP@0.5: 0.5590
	mAP@0.55: 0.5454
	mAP@0.6: 0.5288
	mAP@0.65: 0.5077
	mAP@0.7: 0.4792
	mAP@0.75: 0.4394
	mAP@0.8: 0.3822
	mAP@0.85: 0.2979
	mAP@0.9: 0.1777
	mAP@0.95: 0.0448
AP per cls
            0.50      0.55      0.60      0.65      0.70      0.75      0.80      0.85      0.90      0.95
Class
person  0.772844  0.757690  0.738133  0.712484  0.678087  0.628423  0.558702  0.457189  0.307794  0.100412
car     0.667552  0.651574  0.630621  0.602342  0.563075  0.511904  0.436073  0.328086  0.178049  0.034175
chair   0.528464  0.507913  0.485313  0.460626  0.431866  0.396200  0.349610  0.282058  0.176861  0.046587
book    0.164326  0.160341  0.154440  0.148468  0.140748  0.130847  0.116630  0.094437  0.060031  0.016490
bottle  0.661830  0.649512  0.635327  0.614339  0.582262  0.529522  0.449789  0.327487  0.165635  0.026443
